15.668879
9.026824
-8.2554455
-42.843338
-98.07922
-166.08261
-228.47673
-241.1426
-225.89157
-170.19875
-155.53952
-147.0673
-150.6748
-180.87674
-203.03543
-265.4897
-278.44678
-307.04614
-369.568
-339.9986
-367.0484
-390.70752
-388.82373
-455.11157
-462.01706
-454.56757
-486.35852
-534.96875
-595.2673
-548.0598
-596.0563
-609.6979
-569.87213
-614.0735
-638.1872
-630.3341
-700.0867
-636.5127
-701.2639
-698.94336
-636.7405
-699.30383
-705.1669
-692.47107
-544.7018
-508.29968
-524.02484
-547.0282
-575.58997
-595.3495
-681.69836
-757.1972
-820.31384
-870.6654
-932.3032
-959.58203
-904.3168
-831.02313
-766.75745
-657.88275
-602.2257
-573.3878
-498.96088
-485.50073
-424.4682
-416.75476
-427.06317
-405.8237
-424.30923
-425.86084
-418.76288
-389.0122
-368.56952
-376.4304
-388.58698
-393.68
-377.98544
-376.94022
-358.4182
-368.15588
-347.01086
-357.1157
-339.36298
-345.9605
-348.6346
-351.28516
-354.08368
-310.742
-326.0735
-337.46643
-322.60364
-329.2912
-313.77936
-312.7343
-317.75903
-340.10513
-326.80542
-333.70526
-341.0252
-337.9397
-341.7439
-310.5066
-347.0515
-321.87762
-315.52576
-316.15717
-321.02124
-322.0768
-295.9424
-325.43512
-312.69815
-327.5624
-333.14307
-379.86035
-392.76617
-380.44
-383.24637
-354.59265
-346.25507
-320.55423
-309.8388
-280.40152
-301.77643
-270.534
-276.18515
-294.80106
-288.9355
-320.7919
-322.13202
-308.0246
-298.82135
-263.42407
-249.92058
-265.41977
-259.47638
-264.98303
-254.73863
-252.6035
-237.61685
-267.48157
-273.33972
-324.6597
-343.54126
-350.80865
-327.01318
-332.88098
-304.4986
-287.0177
-290.66818
-269.06818
-284.01294
-251.6358
-228.40344
-221.50627
-249.81535
-261.9864
-295.21497
-311.07812
-332.6151
-337.08093
-353.5134
-351.15805
-378.19196
-346.36633
-340.80972
-316.59207
-298.6198
-256.5905
-222.8038
-174.07443
-190.08119
-215.14282
-244.2454
-261.87396
-254.97574
-287.21826
-257.7904
-250.50916
-254.66643
-293.53772
-285.56516
-315.98587
-329.32733
-338.0974
-355.76828
-410.63492
-408.41394
-465.13422
-441.14465
-433.48004
-403.18732
-334.76367
-314.63116
-260.96637
-245.42609
-237.93518
-236.2973
-267.33624
-280.98334
-309.70038
-298.16205
-292.87204
-299.5879
-310.1446
-282.62183
-280.78558
-298.6115
-290.79578
-289.4798
-303.43365
-306.92664
-330.29065
-346.69794
-336.57166
-382.11438
-436.55658
-428.04834
-363.16168
-397.68167
-403.13406
-346.72864
-347.20694
-310.87775
-283.6129
-253.36224
-225.62463
-238.14362
-255.15973
-304.0829
-298.01147
-315.29388
-319.8755
-322.72717
-319.388
-310.17352
-304.77817
-293.9897
-301.84454
-286.99783
-305.5432
-367.96436
-391.15906
-400.59082
-393.003
-409.52585
-383.8787
-333.53
-270.39014
-251.5472
-227.08054
-244.67114
-264.88406
-266.66095
-296.05695
-309.0868
-294.42737
-302.05304
-274.71576
-300.12747
-289.60095
-306.1547
-320.00952
-318.88556
-303.23053
-360.17645
-354.98315
-388.63977
-407.414
-414.44055
-415.13812
-448.14716
-391.15753
-374.68323
-349.99084
-308.198
-286.51263
-260.9388
-274.13477
-307.25665
-300.81226
-337.241
-339.06085
-324.53546
-313.73694
-312.5119
-336.52222
-336.77887
-341.10712
-332.4153
-332.67157
-326.63126
-361.0926
-361.10168
-340.29367
-345.1665
-350.81296
-351.65112
-329.11655
-330.25903
-336.31604
-313.82935
-307.7524
-295.0036
-285.38666
-297.59442
-301.84363
-311.3548
-308.07416
-305.0357
-293.74796
-326.84894
-320.3296
-310.32175
-322.43268
-327.42596
-330.7303
-321.18616
-317.1515
-322.12518
-315.85226
-299.8345
-315.3359
-313.32495
-309.97186
-306.58865
-304.04047
-305.91922
-288.60498
-279.3494
-289.9558
-315.5093
-314.67493
-327.14905
-361.77307
-374.7663
-372.39655
-363.55298
-340.0222
-321.0744
-302.28485
-289.5707
-259.66748
-277.69562
-304.0045
-299.87598
-317.43744
-299.79358
-308.3402
-297.37756
-316.70148
-287.05048
-295.81287
-308.90723
-315.88928
-326.06296
-332.2495
-327.63663
-341.50928
-321.57053
-318.64017
-287.398
-290.5464
-300.37167
-301.64062
-279.8734
-273.13574
-288.9674
-292.9534
-291.29047
-291.5531
-312.44098
-296.58682
-317.8729
-331.84528
-331.29596
-330.65173
-331.47372
-315.90805
-278.52872
-288.68634
-276.6723
-315.56616
-311.95892
-352.13806
-341.33627
-347.47656
-350.68896
-331.45563
-332.14255
-310.77405
-264.90726
-268.67203
-260.20706
-268.37024
-278.09247
-283.34863
-267.51547
-284.7182
-264.6695
-265.2953
-267.90967
-294.36652
-282.2618
-296.39038
-327.0412
-339.10095
-341.4984
-351.22998
-305.64374
-264.58093
-222.72495
-234.85251
-240.76428
-256.06598
-243.587
-226.66608
-239.10406
-263.48633
-278.91464
-299.31653
-322.48236
-356.78195
-303.92996
-293.43857
-280.90778
-249.74786
-227.6989
-236.97177
-230.26791
-225.38283
-214.64795
-195.17076
-223.50302
-220.55219
-264.92877
-281.5099
-255.60805
-247.72568
-223.99008
-253.16504
-267.8927
-223.16019
-240.87827
-230.01355
-240.17111
-242.33823
-248.71756
-213.47388
-212.1883
-166.2867
-183.2229
-187.07483
-198.7746
-190.8974
-175.1513
-167.23924
-196.16629
-200.73325
-218.76602
-222.8292
-221.29846
-203.63544
-190.35709
-176.26883
-163.12305
-150.91156
-150.21481
-156.23068
-175.62372
-159.7019
-223.23532
-194.13777
-220.0606
-189.84424
-156.1784
-132.60712
-137.32364
-140.86847
-162.4718
-128.42947
-132.29378
-118.02754
-132.27286
-117.74894
-170.33577
-164.95465
-223.01553
-190.50209
-218.2073
-112.859436
-118.66463
-126.604706
-58.062805
-99.51007
-159.33566
-99.37791
-129.9949
-184.0973
-103.47623
-120.27179
-156.09476
-74.838776
-98.73652
-141.35077
-101.28534
-141.17688
-177.99524
-114.74396
-136.1772
-132.37222
-96.6223
-117.354126
-159.97195
-148.35799
-194.49594
-209.87665
-213.80179
-195.25668
-166.44556
-136.36067
-106.752235
-92.1298
-102.4489
-83.21376
-139.0752
-108.76153
-157.70491
-112.61514
-147.17575
-115.246216
-88.0275
-124.5031
-38.477997
-98.13306
-91.68321
-32.7218
-124.1472
-119.60695
-77.92152
-142.42215
-161.9432
-120.02317
-160.33545
-151.25832
-145.49529
-105.54736
-88.46181
-82.288376
-97.544266
-111.80664
-113.46308
-116.83673
-118.647736
-101.39519
-101.5587
-69.93631
-94.71731
-69.024445
-114.11767
-68.29084
-149.639
-92.40108
-115.52711
-170.12448
-3.4232762
-129.5651
-205.74603
-51.6698
13.75732
-119.388596
-219.58975
-72.70082
71.92959
-44.585644
-265.75305
-141.13672
-16.163332
-71.89197
-172.81372
-142.44989
-67.61341
-74.30298
-145.8797
-112.61744
-86.40477
-99.68631
-109.93385
-116.41718
-115.43164
-117.27579
-117.62837
-115.560455
-94.90501
-93.29746
-104.17689
-108.32062
-108.99724
-131.42416
-117.36711
-125.299225
-106.32023
-112.70645
-119.10379
-114.5164
-127.58813
-117.194016
-114.31497
-119.06902
-134.72232
-150.8566
-165.37796
-139.27525
-125.10445
-140.77148
-134.11476
-142.33995
-150.57175
-152.95798
-151.16946
-155.48822
-165.48737
-160.75958
-142.02106
-152.50076
-140.79187
-126.7495
-122.85547
-132.78453
-162.20079
-164.94815
-148.88927
-124.70546
-143.663
-145.01743
-156.36676
-150.5288
-145.40358
-129.5838
-133.32452
-136.05157
-132.66441
-136.34737
-131.3745
-135.16205
-122.48151
-92.72067
-147.55429
-106.25807
-140.06091
-149.1454
-133.58076
-148.38315
-137.65332
-132.58922
-131.11418
-139.96338
-133.70067
-131.18823
-115.78368
-123.92688
-133.51335
-115.28996
-124.81972
-126.26357
-121.18048
-129.18138
-131.48415
-129.29549
-124.37011
-135.23676
-126.923874
-122.88185
-124.494675
-121.93344
-143.89261
-112.8273
-83.28404
-131.40237
-120.06053
-131.89911
-126.06099
-136.21051
-122.48836
-122.34491
-119.03209
-125.57472
-128.83997
-109.11217
-147.48582
-122.73421
-118.736664
-135.86642
-126.31623
-127.47754
-109.92598
-90.13331
-131.54214
-133.03125
-127.93252
-134.28882
-129.87558
-110.0319
-76.0746
-112.593445
-119.37308
-122.805984
-123.54562
-109.68515
-115.55256
-118.5311
-127.948166
-109.255325
-114.41247
-106.86542
-108.184456
-118.981155
-116.85989
-110.65794
-113.465836
-129.455
-122.367294
-119.08274
-124.09042
-113.071594
-125.116135
-103.78545
-86.61673
-88.08265
-114.09384
-114.72969
-118.44124
-117.43924
-82.28617
-88.886765
-120.5713
-105.9386
-125.00267
-93.65202
-129.39923
-89.46852
-117.08156
-101.51813
-116.366425
-106.09119
-98.08392
-105.870735
-112.62486
-95.22621
-121.03349
-104.76575
-104.727646
-115.03795
-111.59961
-104.175415
-99.06969
-106.04575
-109.71524
-105.85627
-100.615204
-84.43565
-100.33653
-114.17051
-100.42305
-109.35194
-114.82541
-106.031166
-104.32694
-89.46457
-82.78319
-117.12904
-66.15226
-94.836914
-97.58234
-90.85779
-93.583374
-89.14223
-94.01987
-111.13704
-102.354126
-102.23364
-95.98047
-88.84218
-85.56448
-82.85736
-96.1545
-102.1165
-100.43648
-104.50052
-101.578186
-72.84356
-75.76959
-85.398026
-87.03783
-98.37697
-107.766846
-111.797646
-92.52168
-76.30745
-97.0246
-71.87082
-77.32759
-89.81539
-96.93765
-83.69318
-84.63862
-85.468796
-86.62639
-93.13801
-89.42381
-82.48602
-86.927216
-96.48993
-90.491516
-60.75353
-100.91197
-69.0137
-86.99539
-63.184086
-87.23038
-59.740005
-77.64444
-66.83339
-94.06715
-79.8418
-93.31149
-85.609314
-73.80742
-89.351425
-74.421616
-80.70247
-87.13483
-74.33917
-82.01198
-80.814606
-87.78783
-80.70099
-88.89876
-82.620255
-89.00203
-79.86266
-84.843994
-80.76599
-80.53768
-81.19133
-80.85278
-75.696465
-87.73482
-46.141685
-101.293686
-56.494587
-102.33317
-69.02453
-80.532974
-85.499405
-89.0739
-86.34126
-79.393135
-76.570816
-85.11557
-92.377075
-79.38721
-86.23662
-74.44629
-71.27449
-95.30299
-77.91931
-58.340294
-82.35004
-62.350105
-96.84543
-60.57868
-82.71489
-61.948326
-85.74587
-79.603806
-97.0182
-75.14259
-75.07033
-69.48474
-72.099335
-89.44318
-83.92752
-67.72677
-75.373245
-89.828766
-83.63154
-85.53119
-83.28708
-86.21216
-79.0093
-67.944214
-98.66983
-81.45038
-89.997116
-64.07617
-85.91007
-89.52855
-81.76628
-87.6951
-87.57942
-83.79367
-92.20062
-46.45588
-84.35197
-73.09078
-95.27582
-84.50934
-92.14395
-81.32269
-68.40643
-78.28759
-76.24664
-75.954254
-75.5014
-76.659225
-77.80021
-82.619316
-90.53818
-91.04718
-82.56682
-53.897617
-67.021286
-86.739655
-87.304016
-75.06606
-77.64553
-76.70221
-91.03365
-92.71564
-86.11058
-77.70137
-85.69562
-72.43216
-93.30136
-75.02719
-63.032173
-82.57974
-85.33634
-97.62242
-103.81328
-83.2484
-71.85774
-67.428116
-69.32269
-102.136215
-83.787415
-86.27539
-62.7386
-66.098854
-108.747406
-88.8163
-101.79816
-87.41579
-71.01842
-76.27325
-73.48658
-96.171936
-79.17551
-90.32246
-72.11117
-76.92825
-76.01171
-90.1454
-84.393326
-93.73691
-79.45912
-62.26872
-71.63367
-75.81822
-93.509346
-64.91638
-93.84131
-69.32005
-77.27751
-75.81063
-85.06801
-77.45716
-85.23489
-83.849106
-85.406204
-77.84744
-72.72136
-89.76396
-83.20503
-82.650085
-85.67617
-80.07348
-75.20253
-74.85196
-72.292755
-86.126816
-68.8078
-78.44023
-79.51315
-73.16733
-74.96376
-81.95104
-78.99727
-78.382996
-85.309555
-65.05583
-84.78558
-76.915504
-70.34013
-80.02896
-77.71051
-76.209145
-82.94731
-81.570305
-84.36014
-85.32577
-76.46893
-76.35152
-81.02779
-80.38788
-68.94756
-76.262764
-84.43476
-79.02609
-55.102844
-83.31406
-66.721535
-83.51982
-78.40461
-90.34956
-45.696198
-91.05568
-48.7537
-89.15062
-61.39324
-80.71353
-86.65459
-71.84518
-78.56386
-75.56508
-78.928185
-75.039764
-71.197784
-73.48235
-72.18924
-75.854744
-78.7148
-70.23725
-77.39432
-67.59308
-77.716415
-81.20375
-83.98503
-74.261444
-73.91398
-54.25442
-87.362366
-61.606308
-83.866646
-80.02355
-69.137955
-85.490486
-68.91785
-76.11194
-81.39235
-67.10947
-77.536896
-74.25722
-76.61795
-76.89696
-73.30594
-87.66356
-74.63844
-71.00846
-83.29242
-74.95741
-71.772
-77.81557
-72.05116
-79.673355
-70.65781
-70.29938
-76.55774
-80.07219
-77.492874
-82.33145
-61.571655
-92.95404
-49.698177
-87.81676
-74.66237
-77.26071
-70.52667
-80.761566
-71.927086
-79.20058
-81.38442
-71.483086
-74.74736
-82.36023
-83.20979
-74.60153
-76.63533
-75.55974
-83.723724
-79.3776
-79.67437
-78.62152
-78.84998
-75.47214
-91.44882
-74.06501
-60.2499
-71.08961
-87.14543
-74.657234
-80.16379
-87.28465
-64.76419
-98.6936
-50.241646
-93.69705
-56.162918
-89.67881
-67.23835
-80.831924
-85.52881
-64.66028
-77.01416
-78.05889
-74.20941
-76.10945
-80.754486
-82.258514
-77.320786
-80.79181
-76.4545
-75.78967
-79.337814
-80.70789
-92.131355
-79.05709
-67.97531
-80.809326
-79.84653
-72.205246
-89.514206
-64.83457
-79.96885
-76.67554
-81.27997
-74.40132
-62.763702
-76.431145
-77.70424
-68.721954
-73.10394
-74.723175
-60.019867
-73.28394
-68.40589
-80.93093
-74.53097
-77.95703
-73.115616
-80.05006
-69.443504
-68.38761
-85.55354
-72.55373
-61.979168
-88.446655
-59.42427
-78.173225
-83.74679
-67.01036
-79.271545
-64.50525
-69.94146
-75.99521
-77.095245
-72.16519
-67.27716
-59.229748
-83.62009
-57.315475
-87.63097
-41.756958
-100.03792
-50.94377
-94.081894
-45.572823
-78.557816
-55.235817
-57.85825
-81.84694
-69.22501
-80.3404
-64.82588
-75.38321
-74.70341
-67.323044
-77.71893
-72.07464
-73.17689
-71.01164
-70.099594
-69.67801
-74.42854
-66.70922
-77.4698
-71.352844
-70.68269
-65.868576
-60.628605
-71.361336
-67.2473
-68.80836
-66.287346
-66.775116
-70.49672
-75.38123
-75.86025
-66.10071
-46.57225
-76.66348
-54.361637
-84.5074
-54.406937
-73.92832
-60.383614
-75.48053
-69.73602
-70.53283
-65.34573
-63.482574
-67.28856
-72.987144
-66.53543
-72.118965
-65.15256
-70.42604
-73.99585
-74.61821
-86.452835
-60.59848
-77.14148
-59.28492
-76.36093
-72.26572
-75.47299
-71.94899
-70.542816
-70.17712
-68.51496
-73.08084
-66.41767
-66.885605
-70.97252
-61.27038
-66.04303
-67.67995
-53.168793
-59.78887
-82.87764
-38.703102
-85.04613
-47.28816
-77.713936
-66.62401
-63.397564
-81.071815
-54.143974
-84.84847
-51.677475
-73.60208
-66.68033
-68.955
-72.57002
-71.57515
-64.84937
-76.73751
-67.73268
-77.38627
-60.017624
-86.73688
-49.120525
-88.21127
-38.856613
-103.7094
-58.96875
-53.31996
-91.27446
-54.083683
-74.83553
-73.17941
-64.8221
-70.21484
-72.038666
-63.5177
-62.510426
-69.60611
-58.16059
-64.77734
-67.08707
-73.36592
-67.70298
-61.620697
-65.94417
-74.20372
-66.99634
-67.89869
-77.05302
-69.871605
-75.9328
-53.5816
-81.90005
-61.057816
-85.54407
-56.870132
-74.193375
-61.027576
-62.255035
-57.304237
-72.93201
-61.373856
-81.99343
-53.640076
-74.39413
-48.52715
-76.44183
-57.07708
-82.28723
-58.409996
-79.80278
-69.9821
-79.76291
-62.00019
-89.089615
-60.79635
-74.80737
-61.201164
-79.573326
-62.568985
-62.918274
-65.145386
-65.157295
-82.89427
-54.142384
-82.51461
-51.62531
-81.77684
-60.192596
-74.151375
-65.54617
-75.43593
-70.5443
-72.56583
-69.33304
-68.52775
-77.1091
-67.64296
-69.85442
-74.77755
-62.357784
-71.609085
-69.22866
-69.7552
-74.14237
-73.89151
-68.38768
-70.8096
-60.842133
-81.47783
-56.958977
-77.23886
-53.55571
-87.298035
-28.945461
-88.34537
-41.938667
-68.50106
-88.17112
-47.054295
-82.86278
-67.07475
-60.960693
-88.35478
-53.73398
-74.08014
-58.325005
-70.3322
-77.91083
-68.31374
-76.020065
-59.350426
-69.87878
-69.30283
-67.666016
-70.20408
-76.21236
-62.793247
-77.88841
-53.631832
-96.586
-36.503212
-79.47574
-71.54767
-54.748856
-85.51297
-64.879135
-70.16954
-81.32277
-48.262085
-69.70276
-75.0145
-51.123672
-75.566185
-69.94261
-59.991913
-84.62758
-64.54401
-74.2751
-69.99841
-66.11989
-79.60797
-56.63608
-75.14782
-58.32868
-78.235275
-58.60807
-80.40076
-58.392403
-71.47995
-63.56269
-67.35888
-76.95671
-55.746613
-65.363846
-67.14915
-68.85924
-62.284042
-68.97724
-75.95819
-49.699196
-69.64006
-52.684784
-71.8531
-72.70975
-73.54176
-72.23764
-68.42442
-72.53389
-67.49046
-71.20041
-75.118256
-60.622326
-71.61443
-65.319595
-69.44177
-52.191208
-73.64215
-58.596893
-71.67767
-48.50544
-84.00616
-55.55693
-63.046734
-76.4888
-41.359634
-81.09064
-84.732544
-37.705875
-74.34042
-88.70767
-44.952545
-76.615555
-70.343475
-53.866604
-73.44276
-65.27983
-69.42216
-74.88515
-68.229706
-72.63605
-74.95723
-70.67832
-73.49396
-68.46022
-64.756775
-63.493755
-71.410576
-69.58566
-56.83029
-73.96981
-65.41934
-72.352875
-72.718
-74.5327
-67.68564
-79.49751
-59.461155
-74.155304
-71.91752
-67.671524
-69.839676
-69.58272
-62.562344
-69.120895
-74.153854
-63.733932
-37.977245
-109.29909
-58.47582
-29.796137
-99.180664
-79.624756
-17.50039
-66.29698
-85.38465
-52.89073
-63.91858
-85.63876
-69.934074
-65.09449
-66.78973
-77.54901
-57.94596
-75.89395
-65.01387
-70.48047
-57.111465
-83.874535
-77.44769
-72.62197
-64.93237
-65.908875
-74.490105
-75.12694
-73.702126
-68.45026
-66.7417
-71.38284
-71.25987
-58.155174
-59.01172
-61.70558
-53.286922
-62.233517
-56.59696
-73.30445
-49.512894
-63.72113
-79.64272
-32.031322
-71.1488
-49.167908
-71.00984
-83.55185
-33.311188
-87.86943
-69.3644
-32.49716
-101.24311
-65.17467
-43.09982
-78.04797
-97.24696
-33.958393
-65.9937
-86.19086
-67.8144
-51.618397
-92.255646
-52.260475
-60.168816
-81.58925
-67.04165
-68.26335
-74.18271
-69.94885
-74.83515
-59.024036
-68.2475
-69.65967
-71.1047
-69.85539
-68.78815
-77.39256
-50.779327
-79.67078
-65.1136
-70.75172
-74.03371
-61.854042
-74.23142
-72.373055
-78.467514
-65.61922
-80.84473
-59.648598
-67.377975
-62.36992
-72.95073
-63.147358
-61.84246
-44.366375
-83.12206
-26.47482
-86.42927
-61.30091
-32.989204
-113.24765
-66.81465
-5.7447805
-74.73616
-104.53891
-50.579136
-43.418983
-89.670074
-72.85461
-39.87253
-75.61534
-91.95825
-50.96627
-51.982513
-89.526855
-63.030434
-54.763725
-78.5848
-60.591263
-62.949738
-65.43198
-66.82615
-69.12201
-64.31861
-64.62497
-66.55531
-70.36192
-68.51034
-71.76747
-67.50035
-72.33527
-65.14996
-73.01216
-67.809555
-65.17216
-67.02937
-69.18131
-58.303413
-77.97255
-52.29892
-90.42133
-29.069225
-67.49015
-74.01219
-31.17205
-86.82167
-71.63825
-23.149532
-76.773346
-70.68744
-32.80548
-70.55055
-89.32134
-49.346222
-57.907825
-76.55901
-68.66421
-66.53264
-75.85097
-66.519226
-59.05886
-81.804214
-62.494423
-62.15325
-67.885635
-64.51211
-72.56207
-71.70919
-37.67713
-72.79375
-63.7563
-55.662704
-85.575455
-50.772224
-73.05315
-66.3131
-57.92324
-71.17783
-66.96009
-73.19391
-70.86052
-67.299126
-64.374916
-73.51657
-69.00276
-73.912
-68.976166
-61.890526
-65.3699
-61.639355
-59.514046
-70.82851
-70.32366
-72.03442
-66.21535
-67.70264
-83.71527
-58.867912
-68.11752
-66.37873
-69.24992
-68.851364
-66.90262
-67.43614
-66.69992
-77.06816
-52.62999
-79.14613
-55.782486
-74.989365
-88.11626
-36.26213
-73.65383
-122.25502
-35.9645
-33.24038
-103.650055
-84.748695
-42.778206
-54.611343
-84.24795
-72.20245
-52.79002
-69.778625
-78.6198
-71.79024
-60.247818
-73.89467
-63.350204
-66.42445
-76.521866
-73.66327
-66.30049
-69.805984
-69.495926
-64.93541
-63.93766
-73.72055
-64.25594
-63.149227
-59.60066
-59.845123
-52.314873
-61.759823
-80.26974
-69.85304
-58.49797
-84.764275
-29.041101
-70.43973
-79.96755
-34.420303
-62.293194
-84.34493
-47.14737
-50.818523
-82.91972
-53.278725
-57.854397
-73.82396
-69.11259
-62.773636
-66.57565
-62.991272
-66.38429
-62.6079
-72.53633
-71.24425
-64.25117
-72.22485
-74.670395
-60.102867
-79.56355
-58.52545
-69.92132
-85.0011
-45.0025
-78.25037
-64.23557
-67.931244
-64.72471
-38.37085
-87.45209
-61.18148
-56.73957
-72.56442
-83.97349
-40.952995
-85.6549
-77.57572
-59.41487
-70.01445
-71.769485
-59.248734
-82.231415
-63.784893
-65.77315
-72.51988
-59.105476
-74.70325
-73.55574
-59.563652
-84.2396
-62.919083
-68.65526
-72.08336
-64.95566
-70.74475
-61.788345
-73.5197
-60.40061
-72.14656
-52.4717
-85.2321
-54.353497
-71.1743
-83.082855
-35.509155
-83.1546
-70.886505
-42.008812
-77.16618
-64.69531
-52.98069
-79.52407
-60.649647
-53.36534
-67.01386
-58.775906
-51.844917
-72.31374
-65.59035
-63.646065
-66.31293
-64.93138
-68.57079
-64.56276
-61.943764
-71.6662
-65.6598
-59.05568
-68.641785
-59.06775
-69.606445
-72.7895
-60.051975
-74.1632
-65.31105
-63.833183
-79.41856
-56.563225
-78.17371
-60.672787
-58.929565
-80.08414
-67.9957
-73.003006
-67.09325
-52.397087
-82.05011
-66.3983
-56.613075
-69.26941
-60.02162
-63.533085
-67.99342
-65.711365
-71.60344
-69.26152
-70.430824
-69.83598
-69.19194
-84.85684
-61.964676
-69.293274
-63.22164
-83.469284
-62.494568
-75.67395
-80.46387
-57.187767
-88.51072
-76.72212
-47.27189
-80.7961
-65.59782
-54.684998
-86.85906
-72.93321
-66.15393
-69.42952
-79.06001
-62.133823
-82.121994
-73.638245
-75.7263
-77.95387
-60.973587
-79.701645
-59.844353
-64.1194
-80.18031
-50.48945
-83.44012
-58.9395
-64.31389
-73.52339
-58.75747
-75.53017
-63.834305
-60.715996
-80.70291
-47.781372
-73.963165
-81.90084
-48.9344
-75.003815
-69.305786
-57.13901
-80.721214
-56.78548
-60.468666
-71.85948
-68.203705
-60.104355
-74.805786
-63.857475
-64.981766
-66.1459
-64.58916
-62.803795
-70.338905
-67.66332
-62.840508
-60.973557
-69.58925
-55.50267
-70.22592
-61.695786
-65.83821
-66.48565
-72.60376
-67.50676
-56.932144
-65.017555
-61.929367
-63.8266
-58.00078
-64.693375
-63.450302
-58.506615
-66.52744
-67.9983
-61.64653
-68.918335
-60.220375
-62.000088
-73.545166
-63.464127
-65.87889
-67.08777
-67.6725
-60.373013
-61.855774
-75.268234
-60.751568
-59.77018
-67.69379
-63.670334
-70.44711
-54.571724
-66.63429
-59.639915
-77.34607
-54.924942
-65.520775
-56.410957
-69.740654
-72.62053
-53.06399
-78.175964
-50.672325
-68.42026
-60.996857
-63.846237
-64.91263
-56.541466
-66.66991
-54.32384
-59.043407
-62.38301
-70.47203
-66.94316
-64.364716
-52.36396
-70.45796
-66.25177
-61.35374
-55.82859
-64.69167
-60.011368
-59.98725
-70.60974
-63.682392
-68.19751
-63.395016
-62.74126
-70.68176
-60.981125
-67.96056
-64.38248
-50.997925
-85.318
-38.987022
-63.070522
-81.4061
-49.157043
-54.601303
-78.593124
-66.49121
-47.726048
-70.40793
-67.70018
-42.323822
-64.74059
-76.78601
-41.952675
-68.070656
-79.17058
-45.12043
-63.00065
-75.81583
-45.575928
-60.6664
-71.03779
-69.36274
-58.36344
-67.74307
-54.12276
-63.57222
-79.66686
-60.32452
-67.166794
-65.363754
-60.623497
-68.62035
-57.156624
-66.76518
-63.131115
-60.19197
-71.85251
-53.801823
-75.26262
-54.21836
-63.611954
-92.81379
-40.57735
-65.31158
-72.43335
-43.891045
-65.020645
-77.56154
-45.35148
-73.61917
-73.00786
-53.64678
-67.95041
-67.0549
-52.515034
-91.73631
-39.178467
-48.282295
-91.63955
-63.0514
-45.832554
-69.38222
-76.807335
-41.50305
-65.65674
-81.68636
-54.914536
-56.15345
-73.299545
-54.374573
-47.72968
-65.22127
-69.17488
-51.76384
-61.242134
-71.65425
-61.90943
-60.55413
-68.0232
-59.62479
-59.949165
-62.259617
-68.55897
-67.829666
-51.243713
-61.37695
-62.191788
-62.010284
-60.44484
-65.8204
-58.27284
-64.0728
-62.949394
-61.037216
-67.83768
-58.41816
-64.61435
-54.870144
-61.150448
-65.98764
-50.793262
-66.250305
-59.981995
-56.399143
-61.80198
-66.80475
-59.94049
-60.128204
-55.045
-59.27238
-66.27815
-57.74732
-68.240036
-59.324535
-57.68956
-62.707172
-57.24787
-58.071262
-64.82318
-52.10132
-59.627796
-63.173843
-70.95874
-62.414925
-58.469097
-58.838104
-66.63668
-54.777733
-66.72751
-48.530136
-54.51667
-77.84012
-44.72058
-65.14311
-64.534805
-53.38505
-59.897274
-59.11594
-54.167713
-63.23308
-67.24565
-49.913307
-63.685387
-70.77351
-44.214798
-75.84458
-47.206627
-33.32644
-80.137146
-74.6882
-38.72728
-54.239796
-85.93933
-39.85985
-52.733036
-68.11832
-75.0139
-49.713333
-56.906685
-69.809555
-44.579723
-52.522625
-60.979996
-59.017456
-52.866135
-61.99298
-56.72227
-62.84594
-63.116077
-61.95567
-52.0168
-63.597702
-50.13035
-63.340195
-62.63532
-60.93389
-65.7892
-51.064663
-58.938187
-65.4003
-52.10009
-58.96129
-53.032143
-61.33737
-50.34827
-59.989914
-60.757656
-55.403786
-63.443775
-59.583996
-65.01088
-55.006012
-57.28408
-60.393337
-57.354996
-60.998043
-56.295567
-56.468605
-60.98557
-58.779675
-66.17474
-42.526234
-66.78783
-57.356796
-45.928703
-78.13664
-46.73931
-59.2192
-61.15569
-55.652046
-57.25064
-60.49307
-58.30184
-63.325706
-56.367928
-62.455605
-69.61156
-48.48571
-63.356068
-56.39358
-60.23036
-52.559196
-55.004387
-57.905975
-59.186707
-55.940987
-54.139786
-61.192226
-59.504333
-40.042336
-69.20241
-45.13302
-61.289566
-57.888714
-52.934464
-55.933056
-54.90569
-58.575035
-55.396725
-60.03616
-58.369835
-62.493896
-56.41356
-60.25678
-58.77025
-51.60527
-58.12652
-57.68766
-62.101055
-55.691826
-56.808
-60.704643
-61.348236
-51.115875
-56.979855
-59.137344
-64.163765
-64.56272
-50.91165
-68.28961
-45.278206
-61.809258
-55.917328
-52.300426
-61.13189
-40.39926
-70.45823
-77.393936
-25.893024
-52.643364
-83.229485
-43.516945
-37.783302
-77.994446
-59.537586
-46.461796
-57.336597
-71.43149
-46.207287
-51.35126
-75.16492
-68.47461
-38.155457
-69.17171
-77.42752
-30.441853
-42.38099
-71.098
-72.99468
-46.89416
-50.502525
-67.55784
-50.75157
-45.013496
-54.21985
-69.90906
-58.993805
-47.037273
-59.82006
-59.588104
-51.070618
-60.361504
-50.34048
-64.72147
-44.97337
-63.601097
-65.890656
-59.898087
-60.575287
-62.890167
-49.358955
-59.266987
-70.28448
-53.887558
-57.945198
-57.100883
-59.068497
-63.69921
-62.11961
-53.186226
-62.22896
-56.720505
-64.048676
-43.52659
-65.371414
-47.436676
-54.48294
-52.12809
-53.738472
-58.805584
-56.6324
-55.34592
-53.032906
-47.497654
-52.81182
-67.877594
-52.720856
-50.9115
-55.716793
-52.153458
-66.64546
-56.585224
-54.88806
-62.97547
-47.806435
-58.53176
-66.776
-43.387203
-59.71009
-75.088745
-43.44548
-54.318214
-75.35377
-55.442936
-39.137863
-73.38681
-65.079
-30.57363
-62.107372
-80.59931
-48.440247
-38.969616
-76.69344
-45.502476
-34.873146
-69.67377
-59.468758
-50.66181
-49.11656
-75.25487
-39.85643
-43.565033
-64.75623
-60.00728
-47.86225
-55.028282
-59.379288
-52.456974
-52.923347
-63.656487
-54.436096
-51.593525
-80.54263
-40.98131
-38.730164
-75.04706
-61.478508
-36.632088
-63.320084
-69.009575
-38.096558
-52.650326
-69.086426
-59.770332
-51.38906
-59.172405
-76.84901
-31.811111
-61.365097
-69.66995
-51.18167
-46.65684
-66.71103
-50.10289
-54.29112
-63.328278
-46.983917
-54.83814
-58.116264
-60.912018
-50.14875
-65.49554
-69.55376
-44.30735
-57.920403
-45.257126
-52.708755
-57.350533
-55.47349
-51.23522
-52.77024
-52.04518
-55.392555
-51.222595
-62.16209
-43.83365
-53.200764
-66.28575
-50.4561
-57.123367
-66.74478
-47.247482
-56.254436
-62.864548
-49.23655
-43.932716
-55.53539
-64.10124
-46.193806
-55.835182
-57.83143
-49.50261
-54.883995
-63.4973
-38.687454
-50.41413
-66.55997
-44.813927
-52.123817
-50.993237
-61.790142
-53.37993
-56.03346
-62.75181
-55.27903
-54.481197
-58.797165
-54.368187
-62.967133
-49.881298
-61.106823
-65.53034
-51.119026
-51.665077
-60.5825
-46.78161
-56.642586
-59.321236
-46.108307
-58.515884
-61.60769
-50.326317
-57.956356
-61.652203
-57.57818
-53.77614
-56.82619
-52.25757
-57.845665
-47.373333
-58.968742
-48.607567
-50.443123
-60.877205
-51.622772
-47.179874
-58.84114
-51.010963
-56.07649
-60.481728
-49.082558
-52.47743
-52.801704
-50.691032
-56.160843
-53.887367
-54.280968
-54.92954
-50.93599
-54.848618
-50.76935
-51.076286
-51.831867
-56.313713
-54.25078
-50.347683
-57.860672
-49.74329
-48.28056
-68.319336
-71.52492
-35.69713
-61.5886
-63.25769
-42.18302
-62.522804
-67.0777
-56.49849
-57.582115
-65.34058
-45.49391
-50.623917
-70.37834
-54.191124
-46.43737
-80.6309
-40.979897
-38.998528
-71.42899
-77.763275
-58.385063
-36.05265
-59.126213
-61.1722
-56.785053
-52.08
-54.292786
-62.48876
-57.901558
-57.446373
-62.744637
-52.543045
-46.333916
-67.412285
-56.870335
-48.250244
-53.22778
-56.00846
-53.42552
-55.679478
-59.33346
-51.95043
-53.501144
-51.163067
-50.446785
-53.18474
-50.76333
-56.076378
-50.844124
-49.80257
-58.24398
-52.195175
-52.470676
-56.869873
-52.396244
-52.427326
-49.74987
-50.523533
-51.219833
-55.750786
-53.296577
-56.548306
-44.74373
-60.42594
-62.694057
-51.14599
-58.33631
-47.997288
-65.51728
-55.55516
-58.033432
-58.549713
-63.796917
-35.674076
-64.181305
-67.75922
-56.89522
-47.713276
-76.17284
-64.82551
-54.442158
-63.131554
-60.676792
-51.19354
-46.58294
-61.27973
-63.048172
-49.157352
-58.346462
-66.935974
-59.900787
-49.416035
-63.354847
-50.686653
-50.855946
-62.505466
-53.79928
-59.35777
-47.466835
-59.740738
-53.209904
-47.82733
-50.96489
-50.5653
-46.715553
-57.523544
-47.30102
-46.3451
-64.51938
-35.328953
-43.769764
-54.395077
-53.566795
-48.710022
-57.235634
-50.35476
-51.478508
-54.731804
-55.538292
-53.66614
-54.24505
-49.500866
-47.92394
-60.15902
-60.268196
-47.290215
-47.355194
-60.806065
-63.354603
-47.167877
-54.925575
-57.272575
-50.58426
-57.091583
-46.63074
-67.430786
-52.01324
-48.41875
-62.56208
-42.473103
-56.265327
-72.98933
-59.979637
-44.53512
-68.743935
-50.2409
-49.147217
-71.24361
-58.33524
-43.36129
-62.664944
-73.27397
-48.49794
-52.46351
-62.128517
-51.20269
-54.77735
-55.174698
-55.66938
-53.401306
-60.773186
-54.34926
-51.53894
-55.463318
-58.602425
-46.56237
-59.29738
-55.237206
-44.95188
-59.7872
-48.727333
-55.802307
-57.98072
-49.082687
-50.60296
-58.40458
-53.39808
-38.385876
-61.715775
-67.70047
-38.23824
-51.2526
-63.555412
-39.47422
-56.825333
-66.8665
-61.077454
-40.973946
-51.68683
-64.12777
-51.32875
-41.796707
-66.80905
-61.166004
-37.038788
-52.637886
-64.74301
-52.610886
-47.061718
-63.141083
-70.78602
-45.19914
-47.413673
-82.022766
-61.55568
-27.652111
-53.54579
-77.01803
-66.60544
-33.160656
-57.172012
-72.366394
-51.598373
-42.694874
-65.07745
-70.84008
-36.526325
-45.74433
-68.33505
-58.126625
-46.39604
-54.648323
-65.2243
-52.17105
-52.307102
-54.777084
-55.44577
-53.480064
-59.064774
-46.04447
-56.921055
-52.254745
-44.691338
-53.7813
-57.42845
-53.702126
-45.494072
-46.771374
-53.784073
-55.00063
-51.88913
-54.54977
-47.85367
-53.05105
-51.117527
-54.729057
-46.396797
-56.124092
-55.99658
-51.298744
-51.226845
-49.36053
-51.542397
-53.16693
-52.375504
-57.18734
-45.28101
-50.505318
-54.455776
-51.69753
-49.309578
-52.589394
-51.571373
-55.97351
-55.25579
-49.185165
-57.125366
-52.97217
-49.69457
-61.330498
-41.388786
-60.050343
-59.174744
-53.653374
-51.757538
-55.108673
-48.94114
-50.53756
-51.572266
-50.179802
-55.593376
-47.465637
-51.32412
-57.537136
-50.1278
-50.354782
-49.92054
-47.667374
-52.21461
-49.503532
-54.90135
-48.204414
-50.886013
-39.56504
-64.322586
-52.21008
-40.067265
-63.587944
-67.76198
-36.654938
-53.946472
-75.13889
-53.82849
-29.46978
-50.910057
-62.392456
-58.674534
-40.764336
-58.52878
-76.614716
-37.004368
-45.04107
-65.20191
-67.462555
-38.610413
-48.521027
-56.875847
-60.56849
-44.47493
-50.9256
-55.196274
-49.08075
-55.314503
-60.019073
-45.90909
-52.947403
-59.81717
-46.164383
-55.509773
-62.478012
-52.22675
-48.554756
-58.172707
-55.805214
-48.681725
-57.232277
-52.298584
-54.642124
-59.77155
-44.777905
-53.13231
-62.022507
-43.97165
-49.252075
-64.24783
-36.08914
-52.91918
-60.3872
-47.90685
-43.15228
-48.20314
-58.55982
-49.677586
-42.44223
-59.621025
-47.098907
-41.726517
-51.071724
-56.006714
-54.81681
-48.18103
-54.764717
-51.195267
-48.219723
-45.999424
-59.50743
-43.31373
-55.56395
-61.408115
-37.0692
-51.261288
-55.55177
-54.290367
-44.87065
-62.06028
-64.92561
-58.267433
-35.291595
-59.59712
-54.59704
-40.9581
-56.924755
-64.44481
-54.3264
-42.95199
-59.17528
-58.240833
-41.42101
-55.539623
-56.61424
-51.684036
-47.698418
-57.437138
-53.60321
-54.343063
-51.048203
-57.908035
-43.57996
-49.160606
-53.75396
-50.883194
-57.160454
-53.923256
-48.209305
-46.007732
-56.872
-44.652878
-55.36786
-58.705425
-57.623474
-35.034462
-60.645416
-49.05885
-40.730705
-54.559372
-61.350487
-43.26399
-52.305473
-64.16341
-39.135906
-49.7231
-65.59522
-43.216045
-45.05126
-56.981018
-61.3014
-44.503124
-49.214806
-71.91426
-52.78569
-29.344683
-66.30574
-61.53297
-48.08599
-42.653427
-67.25831
-64.675125
-48.22503
-42.100548
-68.37933
-58.29861
-42.525284
-43.136677
-63.3534
-62.516205
-47.60391
-47.810654
-50.97711
-50.665398
-54.259552
-50.63523
-54.29554
-55.176277
-49.42888
-50.262535
-53.715523
-52.80049
-53.51353
-47.955437
-53.417427
-42.352314
-49.458496
-49.453705
-49.934372
-52.86068
-52.385674
-43.351482
-51.59487
-49.21066
-47.40419
-46.853897
-52.104595
-52.220318
-42.174034
-60.107212
-64.28418
-24.091541
-52.148438
-61.44703
-44.526695
-39.713577
-67.739914
-60.38423
-30.61313
-57.896122
-74.27099
-52.8708
-36.47088
-64.18526
-62.965134
-41.47178
-52.766735
-63.02661
-60.820126
-38.077347
-56.25558
-59.199066
-49.891655
-49.523674
-63.3459
-55.750698
-45.81353
-50.188786
-57.85366
-42.38349
-56.996964
-46.665276
-51.201218
-46.137615
-49.847977
-50.635853
-51.42124
-48.76042
-51.951103
-56.15718
-45.53939
-54.601894
-45.31016
-50.895306
-46.880592
-42.46905
-54.292297
-49.265514
-47.916016
-46.82537
-51.15863
-48.616745
-52.742252
-49.501667
-57.429615
-37.853634
-53.2731
-51.300713
-47.268238
-56.204037
-53.21643
-40.90789
-61.696686
-55.96175
-39.637737
-55.92275
-48.80872
-46.246265
-51.50155
-54.177628
-48.09611
-53.781002
-50.632374
-44.45233
-52.16234
-45.191185
-54.327103
-48.11599
-50.419624
-54.59187
-56.356705
-45.599678
-52.9909
-58.88891
-42.989918
-51.76531
-48.013054
-44.299805
-55.69574
-59.987236
-34.65399
-52.859447
-64.703384
-50.969467
-38.23304
-60.006603
-69.18135
-31.843845
-44.67163
-52.81517
-69.63395
-46.821247
-43.485733
-61.69773
-53.46357
-38.592438
-52.889236
-63.961067
-40.570633
-50.760944
-55.773758
-52.798347
-52.579636
-53.004513
-50.543995
-44.042213
-50.30313
-52.40914
-50.56866
-45.858643
-48.25046
-53.77157
-50.56051
-47.62584
-51.55587
-51.09254
-49.460117
-48.409073
-51.493744
-45.24455
-48.511044
-48.1444
-53.809315
-52.049507
-48.4576
-48.120384
-56.476303
-55.215897
-34.274918
-57.24758
-62.4159
-41.819427
-41.38715
-57.475334
-40.1971
-45.723198
-51.617527
-58.831123
-61.220833
-43.583023
-40.87009
-65.339615
-55.786186
-37.76661
-43.758194
-61.579815
-46.161663
-39.676647
-49.616104
-54.694763
-48.11185
-46.867382
-53.434914
-52.846222
-49.80941
-44.208073
-43.192894
-55.687103
-42.774292
-48.191658
-58.46053
-45.10276
-45.41501
-48.42099
-46.910088
-50.16838
-52.359695
-48.873466
-50.17711
-44.55801
-44.40768
-51.865158
-51.73043
-41.796967
-50.71275
-47.12413
-46.194725
-58.78192
-41.42605
-37.708622
-60.80964
-40.06211
-49.958565
-49.528725
-56.584747
-47.189125
-37.092575
-49.723633
-65.48053
-50.43486
-33.18905
-56.15309
-63.950607
-43.268353
-36.49472
-58.383904
-61.02622
-45.04021
-43.583862
-63.270374
-66.85942
-43.446445
-25.27367
-60.281723
-57.4314
-42.79755
-43.680405
-57.009094
-51.695854
-42.032425
-45.47026
-50.730976
-53.641735
-47.3276
-44.736904
-52.272408
-47.819866
-41.189457
-45.251694
-49.852493
-46.697945
-46.28033
-52.57942
-46.84507
-48.011555
-47.35904
-50.85278
-46.368244
-51.325596
-51.422684
-41.87285
-53.932602
-48.48069
-51.177742
-47.853775
-45.29371
-57.880688
-38.9617
-43.09495
-47.236286
-44.233322
-53.70939
-43.27588
-49.009377
-56.939392
-51.06391
-38.78952
-54.7891
-55.08114
-39.985184
-49.871635
-68.76436
-36.954754
-39.464035
-57.113503
-64.5894
-42.161476
-43.414368
-48.009262
-64.19055
-60.679985
-37.929955
-48.60988
-63.973785
-47.61251
-43.652584
-56.406364
-51.71035
-35.049324
-53.92854
-42.3926
-47.267548
-55.47281
-46.577812
-49.018326
-49.24894
-48.290836
-45.806145
-52.25976
-46.180046
-46.968323
-56.16386
-44.361122
-40.943535
-54.145565
-57.576027
-47.513046
-44.30571
-49.90027
-43.331047
-48.38884
-55.78263
-41.49843
-45.52623
-53.73676
-44.428146
-43.46906
-56.251625
-46.06891
-40.03703
-49.65409
-54.001972
-33.8387
-46.83909
-59.410503
-50.542038
-36.603725
-57.759228
-66.639984
-34.744434
-38.108444
-64.84977
-56.656994
-35.825863
-48.19267
-62.541885
-43.19778
-46.279213
-51.876778
-46.05437
-45.738503
-42.051445
-44.700912
-46.32271
-47.074936
-51.26123
-48.2164
-42.58806
-53.63871
-52.086815
-33.859386
-52.554688
-53.787056
-34.334797
-51.469254
-55.494007
-34.1283
-48.14631
-66.20198
-54.846992
-30.007885
-47.83315
-68.76238
-47.512024
-30.274353
-57.923134
-64.470276
-45.599533
-40.27082
-51.58756
-54.288338
-42.184086
-46.582848
-58.05096
-47.863205
-40.861374
-54.67221
-58.375282
-44.97908
-42.07666
-49.55789
-59.59536
-32.190132
-48.610626
-68.44184
-44.199623
-38.250355
-48.122334
-63.387184
-39.058502
-42.47058
-65.66838
-49.04628
-35.53263
-53.359547
-69.29451
-56.97957
-32.770996
-45.0592
-56.022736
-50.426216
-40.480373
-50.462204
-50.26547
-53.32585
-34.14869
-52.060028
-70.03282
-31.77119
-41.64715
-60.556747
-45.04951
-44.682137
-53.118378
-57.03746
-40.60819
-42.509453
-52.32029
-47.614388
-41.81957
-49.799747
-44.543533
-40.953217
-58.84479
-45.30142
-39.032272
-61.793682
-57.283092
-27.463978
-49.854946
-64.526184
-39.85548
-40.946564
-59.251
-44.062794
-43.6733
-52.08553
-49.869255
-42.51538
-42.286263
-57.45618
-46.83679
-38.8276
-53.45518
-51.50688
-41.106487
-47.941372
-56.505753
-45.776535
-38.115433
-49.996693
-52.412334
-43.520443
-45.439857
-54.79223
-31.740866
-46.39129
-50.400043
-49.2292
-45.259216
-43.939358
-45.370544
-50.65586
-46.176544
-49.197304
-47.732643
-47.25568
-46.598537
-49.27919
-51.866364
-42.221413
-61.082733
-48.166786
-38.10792
-54.856636
-63.755863
-31.065899
-41.817062
-51.947884
-53.900402
-45.381058
-46.08333
-51.065807
-41.002243
-46.957626
-50.94066
-52.051903
-41.193317
-44.146366
-51.445892
-52.04691
-42.386047
-49.84491
-46.575844
-39.58008
-51.313065
-47.684414
-41.695885
-43.92567
-47.027905
-45.358887
-46.05095
-44.311104
-46.651394
-50.756668
-48.550186
-47.925835
-65.64752
-39.747963
-36.281303
-58.17977
-42.013332
-42.39673
-55.49122
-58.92389
-40.78682
-44.53393
-49.78477
-45.559273
-44.96873
-46.546055
-49.161102
-38.34341
-47.141876
-58.108578
-41.051537
-44.577843
-53.723785
-49.923267
-33.059998
-50.79018
-59.180275
-35.740387
-49.7308
-52.693195
-42.409775
-42.043884
-50.590454
-49.526047
-43.533825
-48.9046
-48.07311
-41.43307
-42.92061
-48.365784
-49.77337
-46.717667
-45.50409
-42.985126
-48.953217
-43.657578
-42.861465
-53.66299
-54.30242
-37.583252
-44.278645
-49.64318
-45.03853
-45.53229
-54.012142
-50.47217
-30.945616
-57.616688
-45.772003
-40.3282
-37.875504
-47.7836
-44.03401
-41.70922
-48.685017
-48.47145
-46.564003
-38.35311
-55.209442
-49.098892
-40.23616
-56.35334
-52.00412
-36.109238
-45.684708
-56.359337
-54.978348
-41.27758
-37.598793
-51.304657
-49.39807
-45.297874
-38.79461
-60.938156
-51.194294
-41.677635
-44.15934
-56.24787
-46.51954
-41.2028
-47.184822
-54.879803
-45.404007
-40.59047
-40.940147
-47.44117
-44.241325
-48.423893
-50.028027
-39.57621
-46.279427
-50.998917
-43.91979
-41.57758
-49.789257
-44.80488
-43.5515
-46.493702
-45.479034
-44.279156
-43.18764
-57.883602
-42.570377
-44.922653
-57.299465
-42.668625
-47.266865
-56.525314
-42.17854
-39.604004
-58.169994
-39.35241
-35.88524
-45.17035
-50.45069
-41.120968
-45.773502
-49.45625
-45.60166
-38.4045
-50.83459
-51.9339
-42.5481
-43.118774
-48.281937
-47.0253
-38.31028
-44.603333
-55.000698
-37.81726
-44.28886
-46.95554
-52.85213
-37.67161
-42.82005
-42.831333
-43.904118
-42.16862
-47.9682
-51.199215
-40.280792
-50.66433
-45.011753
-42.04935
-46.59648
-50.246925
-44.91049
-48.42774
-49.398865
-38.73451
-49.8546
-42.513847
-37.492523
-43.85315
-51.557983
-39.997116
-44.97162
-51.523056
-37.54843
-46.75306
-46.669117
-53.89015
-43.525932
-39.998215
-49.503704
-39.773476
-47.71416
-41.176025
-41.178627
-41.961647
-43.46696
-40.71967
-45.67365
-44.33969
-44.590214
-46.62156
-46.878937
-43.080906
-50.66072
-44.460514
-43.818317
-52.387375
-38.312054
-47.55253
-46.399124
-49.07131
-48.44812
-47.80328
-40.178513
-51.261906
-42.138382
-47.103554
-41.013977
-39.626003
-45.463753
-47.753174
-41.07395
-41.406834
-44.876717
-47.0035
-42.70971
-41.326775
-40.250305
-45.089787
-44.508896
-47.56732
-42.351646
-54.208008
-41.812893
-37.151733
-44.203743
-52.434555
-31.124008
-50.219795
-49.97499
-43.00387
-35.245583
-54.041565
-58.35031
-38.471493
-38.465378
-56.007877
-44.281204
-41.28825
-46.689766
-53.92668
-40.339706
-44.97071
-42.219265
-48.93363
-42.70997
-47.53157
-51.616383
-33.882442
-39.944878
-51.881165
-45.673096
-35.026142
-47.976223
-44.54021
-43.776684
-41.231503
-50.632874
-48.995712
-40.20523
-46.650406
-56.724407
-46.711548
-30.35025
-45.743286
-63.930096
-52.277294
-40.50363
-49.119057
-48.596058
-39.30925
-44.93261
-50.544247
-44.902283
-40.808792
-46.798027
-41.468624
-43.190323
-44.9107
-41.357185
-46.981316
-40.51487
-46.337677
-48.699844
-44.2765
-47.691277
-49.612053
-45.60399
-47.681137
-38.115395
-42.851624
-48.703903
-35.94389
-48.19403
-47.136562
-37.093937
-44.21615
-47.24082
-42.609127
-46.644714
-41.811905
-37.26307
-48.900677
-40.974808
-37.24178
-44.44051
-63.87726
-34.84813
-26.597593
-54.336773
-63.021145
-29.98021
-31.117416
-54.937607
-55.521133
-41.12928
-34.48535
-54.794846
-52.397747
-44.0605
-34.516724
-51.097557
-46.07677
-41.098427
-45.789345
-59.20804
-40.50903
-34.791893
-43.59833
-51.6503
-43.100586
-40.598038
-48.86939
-50.010223
-36.900074
-42.882507
-41.69834
-41.76646
-45.354507
-46.02449
-41.30749
-44.483494
-42.430115
-48.36984
-49.32717
-42.03897
-41.52285
-46.063694
-42.4796
-46.447998
-40.14978
-44.3575
-46.240387
-40.21502
-39.954155
-43.753613
-39.04789
-49.772415
-38.01538
-39.987755
-52.481804
-41.75198
-32.69398
-52.14803
-60.492195
-25.273594
-36.26255
-58.791763
-53.73729
-26.726871
-41.90329
-48.211807
-48.26275
-44.286167
-39.1845
-51.895576
-45.180267
-41.968582
-45.656307
-52.34787
-36.6476
-42.930374
-51.109764
-43.960854
-37.400635
-45.587418
-45.981873
-35.785576
-51.171272
-50.344345
-39.990253
-43.29463
-55.479523
-45.604103
-27.934692
-52.527874
-46.055954
-33.89348
-41.35891
-53.269897
-32.992443
-40.030624
-47.221237
-47.51579
-39.207676
-36.728348
-51.970818
-51.145172
-29.44194
-50.90748
-51.312386
-40.096878
-39.599094
-39.466927
-44.47428
-40.414734
-53.603893
-40.576397
-39.402336
-54.16279
-57.241035
-30.863266
-39.766964
-53.594017
-50.610504
-30.315258
-40.129868
-53.34539
-48.93927
-30.365593
-40.42674
-57.17704
-51.350548
-26.600609
-43.949444
-53.609375
-46.580162
-32.454823
-43.356236
-51.665676
-43.86529
-27.059395
-45.29986
-45.4018
-38.630527
-40.7881
-49.025887
-49.991364
-34.24833
-39.753418
-54.033306
-33.378845
-41.112423
-48.47029
-50.466805
-38.906715
-35.098446
-48.01719
-39.806396
-39.554066
-40.20066
-56.177834
-38.65895
-32.216026
-57.00531
-41.981636
-43.606457
-47.23068
-59.540062
-46.752945
-33.268406
-45.513878
-57.609615
-32.057724
-36.87249
-49.222626
-62.35058
-31.138
-29.193666
-55.80282
-55.610703
-27.490028
-38.632687
-50.082054
-55.022377
-36.269867
-37.805447
-50.974884
-58.224655
-37.558704
-32.832687
-56.741234
-55.776375
-33.590866
-35.893238
-58.170242
-51.31265
-32.588333
-37.375587
-47.12992
-46.364433
-39.886105
-33.033813
-43.43613
-46.544945
-44.04599
-41.99312
-43.760437
-42.71933
-43.38639
-41.429573
-40.966076
-42.963562
-43.42735
-43.734394
-37.606445
-41.1756
-49.653316
-33.637657
-45.399273
-41.54876
-37.29576
-41.74939
-41.65795
-42.09578
-43.015896
-37.622276
-38.568604
-39.105507
-44.632336
-43.202663
-41.95531
-36.040936
-44.630722
-43.50016
-43.861435
-40.78985
-44.47825
-41.877953
-37.79111
-40.904858
-39.448696
-41.24092
-45.630577
-36.887325
-47.579258
-49.814663
-40.63807
-34.43878
-58.976707
-45.47673
-40.957542
-45.259888
-59.27492
-50.934563
-23.200512
-50.143753
-65.66983
-45.698418
-18.44469
-42.96078
-59.575943
-60.353897
-27.08126
-38.698708
-51.656242
-52.32627
-36.409306
-34.016174
-42.24424
-51.02869
-41.033974
-42.057716
-46.05602
-50.05303
-34.01654
-36.57387
-44.743782
-43.206238
-37.651123
-42.454796
-49.536358
-42.670597
-43.34769
-48.704414
-44.32418
-33.619102
-44.98215
-50.35163
-29.292957
-43.209225
-47.513775
-38.02618
-37.59704
-43.570618
-41.716805
-40.327385
-42.819817
-39.957237
-36.789482
-40.91342
-44.495625
-47.01084
-36.937378
-41.901455
-39.780113
-41.225018
-40.84897
-40.755676
-41.606518
-44.168495
-43.752335
-44.55989
-39.674557
-46.957302
-39.91576
-36.0095
-43.18956
-49.66835
-42.255905
-42.401764
-48.278057
-30.73493
-44.13052
-47.878845
-46.952435
-37.58235
-45.995766
-43.39155
-40.755432
-46.42549
-51.509396
-34.07143
-47.061844
-39.242386
-38.216053
-47.275394
-39.891197
-34.65738
-38.096947
-52.234344
-42.755875
-31.139479
-52.434013
-56.72565
-36.070324
-35.900204
-51.28334
-43.80726
-34.435265
-43.37875
-46.827347
-47.19256
-35.43002
-44.175697
-43.544647
-36.385166
-44.49471
-37.43436
-40.8956
-43.178806
-48.603905
-43.041016
-26.243267
-36.50464
-56.12733
-46.320015
-31.507622
-47.742813
-54.719414
-38.345154
-40.010887
-41.688618
-43.148308
-35.044743
-43.276577
-39.49438
-38.297318
-42.208572
-42.24302
-38.5269
-40.39531
-41.922287
-39.692116
-45.363586
-43.28234
-41.201485
-39.755154
-38.433372
-41.883984
-40.579735
-49.424828
-38.563065
-39.839973
-35.335136
-42.719135
-34.794098
-49.634693
-47.79953
-29.153934
-46.95452
-46.003387
-30.423088
-43.435394
-57.99295
-40.143047
-31.984737
-42.956955
-49.001415
-39.152008
-34.36651
-45.176804
-45.285538
-37.559433
-37.36221
-43.16497
-42.768486
-43.50771
-42.36828
-45.9339
-45.056217
-37.943703
-37.782246
-43.008617
-38.60459
-37.967148
-44.680977
-41.366943
-42.623074
-39.20801
-35.838764
-40.910053
-38.787178
-40.16676
-47.065712
-38.828117
-39.86666
-41.947052
-47.049732
-31.506668
-39.850235
-43.348038
-39.275482
-32.28932
-46.252518
-40.69952
-28.896864
-47.42238
-56.374405
-36.805485
-34.041454
-53.886795
-43.543777
-28.156212
-42.798004
-56.915817
-40.08361
-31.030788
-37.230247
-49.526283
-60.267044
-27.175617
-33.87126
-49.30159
-44.829544
-28.280375
-43.491226
-45.30345
-44.444824
-41.85389
-39.137497
-43.40764
-43.790367
-34.195045
-44.387558
-43.175964
-39.30178
-37.11371
-46.432037
-53.162262
-33.33782
-41.726673
-44.030403
-36.947002
-34.95047
-42.250523
-41.295055
-39.617958
-39.874107
-42.738426
-31.100334
-42.931892
-41.371284
-36.759605
-40.548046
-40.138565
-42.814667
-44.362137
-36.34543
-39.183456
-50.606346
-34.42034
-33.163147
-51.639324
-47.795586
-28.139063
-49.304405
-47.440155
-41.294724
-39.028633
-44.089493
-56.20137
-43.785538
-24.600128
-44.152145
-66.315
-49.70011
-19.020935
-40.32445
-54.541924
-63.589905
-24.499302
-29.549932
-50.74193
-49.50418
-30.350086
-35.37198
-49.800095
-42.047844
-38.455643
-39.42311
-50.721558
-30.460194
-35.493423
-49.52369
-43.7228
-36.341476
-35.859924
-47.894474
-42.135567
-36.466606
-41.32203
-42.315117
-40.275616
-40.172707
-38.77607
-41.824223
-41.849064
-37.9207
-43.37116
-40.124218
-37.02459
-43.49237
-53.976135
-32.778877
-40.570694
-50.567467
-49.8412
-33.22078
-42.4096
-41.687416
-35.965607
-41.169662
-35.378273
-40.32202
-38.841034
-38.251587
-40.18454
-46.444946
-38.961536
-40.160843
-41.488625
-39.604572
-38.44507
-38.40798
-43.36437
-44.0317
-35.56923
-54.48825
-43.998375
-33.828712
-54.414207
-41.953148
-32.38846
-47.88788
-53.223255
-34.31616
-33.46237
-46.884666
-43.347275
-43.576996
-30.354124
-46.93947
-48.922684
-38.902153
-36.240623
-52.24473
-41.08656
-36.65902
-40.074528
-49.106335
-37.25913
-36.05268
-56.963337
-32.498856
-28.949583
-44.94026
-51.08235
-51.146626
-29.694881
-35.757286
-50.958496
-49.157776
-30.696232
-37.936565
-48.485096
-49.857437
-42.04277
-31.750603
-56.341118
-25.710526
-29.90456
-42.321045
-46.95604
-35.682518
-33.830452
-45.61666
-39.82374
-30.537188
-44.6522
-43.627445
-38.766518
-40.223824
-39.885628
-39.922573
-38.07866
-36.04221
-41.861233
-41.16671
-40.279106
-38.606773
-37.6836
-43.3489
-44.220997
-34.372623
-37.886696
-44.79075
-45.221436
-39.37365
-43.934692
-43.20905
-33.148743
-45.870476
-41.889038
-35.35309
-47.293335
-35.177345
-39.893402
-46.797073
-37.23255
-34.626076
-41.37393
-40.29551
-45.65163
-42.345066
-39.02527
-33.86003
-41.844887
-38.604794
-39.889687
-41.984634
-34.722923
-41.01838
-50.893658
-29.58909
-30.937094
-48.565414
-49.863846
-28.876766
-40.54726
-50.921577
-40.939465
-31.085728
-41.742218
-39.9944
-32.767853
-38.416897
-49.186478
-46.32424
-28.177805
-33.056606
-47.847088
-46.492905
-31.573484
-41.15571
-52.17923
-40.19625
-34.12637
-40.761307
-50.963158
-42.402344
-25.73479
-44.658783
-50.509697
-34.76815
-31.445354
-42.47728
-53.866932
-38.464165
-26.77541
-44.0772
-53.61369
-35.56426
-34.399033
-43.740463
-47.464764
-38.504765
-33.228645
-43.798164
-47.942513
-41.82563
-32.5906
-48.947685
-56.241318
-25.77629
-21.131914
-57.91636
-65.729706
-44.592865
-25.143547
-42.112843
-63.11636
-38.612545
-20.214254
-44.93019
-60.215195
-41.83074
-27.845848
-41.325417
-44.781166
-39.15944
-30.640133
-40.703804
-39.889717
-40.519123
-35.13048
-48.578842
-43.70591
-41.564552
-34.92527
-40.97734
-49.313858
-33.506382
-39.381073
-38.94644
-40.23356
-36.624664
-37.238472
-39.013885
-40.885227
-35.242104
-37.178375
-33.105488
-39.680283
-45.737114
-34.08705
-38.42028
-49.193058
-39.526382
-43.458084
-40.313087
-34.416595
-39.71216
-44.22228
-37.446186
-37.79212
-42.93113
-40.890514
-31.490314
-45.43045
-42.151855
-30.636915
-39.31718
-37.627934
-43.17944
-36.104233
-36.08866
-39.651237
-37.873116
-37.51377
-41.758568
-33.009155
-43.1753
-37.214725
-38.064697
-38.035645
-40.175797
-31.59114
-45.274414
-47.23252
-32.668434
-40.283417
-47.636944
-44.853664
-25.897757
-40.515274
-41.469547
-42.321964
-33.76062
-40.132088
-52.553432
-28.542612
-26.174835
-39.140114
-45.855087
-36.602932
-36.342957
-44.942688
-43.209175
-44.701893
-30.099243
-49.61949
-42.066376
-36.065395
-38.05065
-44.960365
-42.60019
-37.055595
-36.68507
-43.32379
-40.007446
-33.528885
-38.22106
-40.859497
-35.89557
-35.109196
-39.110558
-37.668724
-37.49648
-38.265873
-41.599358
-36.324474
-39.206596
-37.83642
-40.329094
-37.019447
-41.564896
-32.822876
-38.547504
-45.87452
-37.01385
-39.868484
-41.566673
-36.28923
-39.737446
-37.999207
-40.172768
-38.766235
-39.717182
-36.663387
-47.005714
-32.87793
-39.35526
-36.933277
-39.6457
-38.567577
-35.09993
-39.444317
-37.572906
-38.50454
-36.992687
-38.40236
-39.953835
-36.73659
-24.80613
-39.79923
-36.17252
-38.6891
-36.187233
-41.83885
-35.404922
-37.07009
-34.960907
-54.26187
-46.77546
-27.762913
-34.239132
-51.063637
-39.595894
-30.90481
-36.803085
-46.54074
-38.783596
-31.530647
-39.418358
-45.336845
-27.147573
-32.436314
-47.12708
-41.181686
-35.33908
-38.58816
-37.77983
-42.684784
-36.881073
-33.914833
-42.103836
-37.0811
-35.922653
-39.241993
-33.593513
-37.06556
-43.634354
-33.232933
-36.585075
-36.671364
-37.363636
-33.277905
-35.600834
-41.786232
-32.677174
-36.890766
-39.99886
-37.261364
-31.955719
-35.516613
-39.852318
-42.039463
-33.74784
-44.355953
-28.232433
-37.872887
-43.666656
-43.499325
-30.656673
-38.93209
-60.027336
-45.32647
-27.576653
-38.900574
-44.69751
-40.35122
-33.524292
-35.426636
-31.389301
-35.63444
-41.109367
-32.14647
-34.875473
-38.910458
-34.642803
-37.618996
-45.475464
-31.805096
-46.569458
-35.850094
-31.570946
-34.005447
-47.39358
-40.021885
-21.567995
-40.712334
-37.467133
-41.285263
-36.718803
-38.777058
-35.12949
-33.3779
-38.485123
-38.026894
-38.2548
-37.179367
-38.031708
-38.087288
-37.99971
-38.393734
-36.67932
-38.901268
-34.051056
-40.711914
-35.495598
-27.387676
-39.930153
-46.211945
-32.287773
-30.242256
-42.236374
-48.140976
-25.273262
-39.772118
-40.939217
-36.430435
-35.514523
-37.2471
-43.417717
-31.691952
-33.818512
-40.24234
-37.293518
-37.6723
-38.85867
-39.210075
-33.601173
-33.973045
-47.76528
-44.596485
-31.966621
-33.077553
-43.077873
-41.941376
-38.03584
-33.84054
-41.497086
-39.34313
-32.667526
-42.469727
-37.213684
-32.59729
-34.462646
-35.19651
-35.363228
-36.33297
-32.64113
-38.818176
-38.905228
-34.99651
-37.4743
-38.693485
-36.590424
-38.080036
-37.577415
-35.471878
-39.248825
-43.860413
-37.83339
-42.353218
-43.05695
-40.28331
-28.407303
-39.76415
-48.689766
-47.697464
-22.399815
-40.318527
-50.014835
-46.055325
-30.081493
-30.857294
-51.602173
-42.53189
-27.862667
-34.014816
-44.738777
-41.435883
-34.228844
-39.839424
-39.061417
-37.81031
-30.01951
-40.20256
-41.11441
-38.607918
-32.141228
-41.92903
-43.937927
-24.088402
-38.161762
-41.021538
-41.549316
-39.17604
-36.228447
-39.78274
-31.541145
-35.04893
-39.060173
-43.738647
-29.83543
-33.550194
-44.01828
-40.546696
-32.550392
-32.921402
-48.85485
-36.62849
-28.149647
-39.363533
-44.249626
-35.163567
-28.252977
-35.53426
-38.837307
-34.386154
-37.464794
-34.771698
-35.97156
-35.661705
-42.4191
-38.6349
-31.455688
-39.55137
-36.343666
-34.5213
-36.11045
-41.85468
-35.794952
-37.936584
-34.99826
-43.714596
-27.22717
-36.775677
-43.40941
-42.868763
-32.679802
-35.379646
-38.241364
-36.889256
-35.129066
-40.30001
-38.96299
-38.386387
-34.809223
-41.96502
-30.024263
-38.440063
-39.128815
-33.697403
-35.24094
-36.910423
-40.971016
-39.922005
-33.43874
-34.711838
-37.218254
-34.20697
-38.135807
-30.707058
-32.519836
-37.6872
-36.911697
-32.171448
-37.846928
-37.16397
-36.98804
-38.983917
-37.158813
-32.15468
-35.81629
-38.72119
-33.140892
-33.634136
-32.24514
-39.430325
-37.618023
-36.331436
-36.37332
-32.14457
-34.267662
-36.932228
-39.58812
-38.650208
-39.067947
-36.723076
-34.193268
-37.45542
-30.909706
-35.194023
-41.314796
-35.66014
-34.241627
-37.167313
-35.955765
-36.801125
-40.590607
-38.43542
-32.80921
-32.416664
-46.853363
-35.5365
-26.834152
-40.128014
-40.840267
-34.84683
-31.010223
-36.4663
-38.222557
-32.986767
-37.199806
-36.91434
-36.161095
-31.522408
-36.16998
-35.125675
-31.094837
-37.331226
-40.59316
-37.383465
-34.292095
-35.35723
-40.259766
-38.824318
-30.122112
-38.53168
-49.27402
-26.251099
-37.619644
-50.97898
-38.915833
-27.197159
-42.073627
-49.346954
-31.386024
-25.985102
-45.076218
-46.17119
-38.50712
-29.52056
-41.490234
-58.76431
-45.818405
-24.694054
-29.456202
-42.232063
-54.57748
-26.66654
-23.143837
-40.21824
-57.73974
-40.84286
-19.931023
-34.763126
-56.05333
-47.846336
-17.779167
-26.075918
-42.20007
-60.452328
-41.31546
-28.029572
-34.42983
-54.58188
-45.577843
-25.67096
-31.408127
-44.748962
-43.82263
-33.44064
-30.493923
-38.446243
-38.230923
-29.168158
-34.898552
-41.116035
-33.972595
-33.120514
-36.81714
-37.8316
-42.80503
-30.016134
-39.971306
-39.413647
-39.42218
-33.125004
-40.483418
-34.93779
-27.284163
-40.440918
-40.608337
-29.021126
-36.756805
-39.54264
-40.07376
-33.141876
-36.7212
-33.29367
-36.837215
-32.844284
-40.264877
-40.051197
-31.758774
-45.024704
-38.76719
-32.315254
-28.257072
-35.317818
-42.10802
-33.22037
-37.109146
-34.769974
-37.731262
-39.057762
-40.183258
-27.834179
-33.236263
-43.277252
-40.089737
-21.269257
-43.20584
-47.140293
-29.978481
-25.706863
-40.638245
-38.413967
-35.325447
-33.09043
-39.062786
-42.393356
-30.158646
-37.196144
-39.88257
-44.43103
-34.873753
-27.415318
-38.056156
-41.865448
-24.18202
-35.05741
-38.79245
-40.94818
-28.053892
-36.861202
-37.09024
-31.73796
-31.024746
-41.737045
-31.205402
-35.17162
-40.512672
-33.38052
-28.800367
-42.499004
-39.945164
-30.709463
-33.721214
-38.875565
-34.13244
-34.549713
-34.8005
-33.418114
-33.525806
-37.82293
-36.26665
-32.924793
-36.518658
-32.0039
-31.948597
-33.24251
-40.122223
-33.620827
-33.03736
-34.767082
-34.223713
-38.806213
-31.092009
-36.476917
-29.058762
-32.553528
-40.333416
-35.128704
-29.603813
-39.25552
-40.713303
-41.105103
-33.283623
-35.981564
-36.614296
-30.478014
-37.213524
-39.784595
-36.287514
-31.881256
-33.33348
-40.828423
-37.740128
-33.29273
-39.174294
-40.978065
-31.941978
-25.901537
-43.713478
-57.655243
-20.177006
-25.58503
-51.371155
-48.63523
-32.748528
-22.628681
-46.530537
-56.36259
-32.560177
-28.721262
-33.406082
-47.03891
-35.2435
-27.553455
-33.99211
-51.928207
-34.99979
-26.409134
-32.911957
-45.398075
-41.891804
-29.444159
-35.08448
-50.63351
-44.63849
-32.34452
-31.407335
-51.339054
-38.87191
-35.71205
-29.431812
-32.572266
-46.033764
-46.40928
-20.960915
-33.05652
-41.37095
-48.160324
-32.595978
-30.592138
-33.20755
-41.257652
-39.512486
-30.263645
-33.26896
-36.604534
-38.625534
-31.42135
-32.03733
-39.27894
-33.99039
-33.774033
-38.759605
-33.163322
-35.72576
-35.39097
-29.79375
-31.463366
-35.321243
-36.878227
-30.721931
-35.77746
-31.630322
-36.03369
-35.698555
-36.476376
-33.026752
-32.1249
-35.52029
-33.63083
-34.90137
-35.440407
-32.343582
-40.405087
-35.1348
-34.01384
-35.596375
-30.664364
-33.440075
-38.3841
-33.683098
-35.55346
-29.989424
-41.557453
-33.300564
-24.735176
-31.819572
-44.4702
-35.5205
-19.81185
-37.411934
-42.857456
-36.44713
-36.22763
-28.580534
-42.23771
-32.151543
-30.593658
-35.181473
-43.61818
-38.364887
-31.420668
-33.45806
-42.454243
-37.40094
-29.596937
-30.79625
-37.31988
-32.04609
-34.90339
-36.74884
-31.218964
-37.467186
-36.268044
-34.77511
-29.769573
-39.07835
-35.27276
-28.187475
-31.812492
-38.59281
-34.59692
-29.253393
-34.116554
-36.49827
-32.278557
-31.643852
-37.039528
-36.519627
-33.494934
-30.39853
-37.912525
-34.45613
-32.893433
-39.509804
-35.26542
-31.978966
-35.90368
-35.570816
-31.141705
-35.69771
-34.922714
-32.436497
-37.39084
-33.24927
-36.85665
-37.118946
-27.698215
-36.38961
-41.72574
-25.340347
-34.170387
-45.14303
-36.92417
-27.499498
-32.571606
-44.1267
-36.407166
-23.438522
-38.090828
-48.27245
-34.728653
-27.201357
-34.082924
-33.47232
-34.857296
-32.449276
-31.989285
-35.684513
-32.93915
-40.8515
-32.9198
-27.897835
-35.126343
-38.05738
-32.076225
-34.659286
-36.75473
-32.81517
-33.5507
-36.482964
-37.35897
-30.155155
-30.220308
-33.831707
-33.175156
-32.90849
-33.159813
-38.238976
-35.740448
-37.912796
-36.32846
-33.54323
-31.470688
-36.800285
-33.85277
-29.829391
-36.74183
-39.307167
-34.88716
-32.708504
-36.959232
-31.466394
-32.21089
-37.048824
-32.99911
-24.56844
-33.07721
-40.170704
-40.396164
-28.999643
-31.069183
-41.375942
-38.379173
-26.859486
-38.66015
-41.39852
-32.200115
-28.378666
-38.630253
-31.867146
-34.101917
-29.24681
-36.47927
-42.728554
-30.927685
-28.779667
-47.85673
-45.203262
-22.318233
-31.845423
-39.36886
-46.737804
-34.963966
-21.29491
-39.819393
-38.37435
-28.15025
-22.672562
-40.217712
-35.206177
-31.9333
-28.752125
-38.147247
-37.633812
-27.87642
-31.913425
-39.553524
-34.581623
-29.977295
-34.210037
-36.354218
-35.14148
-35.25799
-32.083714
-34.897892
-31.759193
-34.467514
-34.17847
-30.71265
-32.776764
-32.369694
-40.17059
-33.488823
-21.049223
-32.51825
-32.15575
-31.80945
-30.660332
-36.06842
-39.95407
-31.245934
-27.73124
-37.954536
-36.756443
-32.08538
-29.507671
-37.05646
-37.013428
-35.298035
-33.05502
-31.005775
-34.462067
-35.22448
-32.45694
-32.063057
-35.130333
-37.639618
-31.714445
-32.867188
-36.381996
-27.729786
-36.389683
-36.00929
-35.418472
-33.23833
-39.581635
-38.79595
-29.71143
-29.757608
-47.240658
-30.700583
-27.895786
-32.855408
-41.26372
-39.695026
-20.937923
-41.631348
-38.299446
-28.395412
-27.021862
-39.69171
-40.403427
-31.761648
-29.524536
-35.478756
-37.383144
-24.706968
-28.658424
-39.771988
-33.627785
-29.47285
-33.1149
-37.145355
-27.378807
-35.760685
-37.59445
-32.872574
-28.574226
-32.15708
-33.013226
-30.42198
-31.734283
-35.236774
-40.178066
-29.975803
-26.480896
-39.220596
-35.98244
-30.750576
-30.760723
-39.922073
-38.84193
-24.700846
-29.320274
-29.09835
-37.235588
-27.214275
-33.828735
-36.805492
-32.815895
-32.369278
-31.947432
-35.317234
-32.19954
-28.931252
-37.23916
-37.812958
-38.81991
-29.741932
-29.89107
-31.656506
-32.908688
-36.103966
-28.50422
-28.314514
-31.34259
-35.463676
-37.557457
-31.06707
-31.533123
-30.692356
-33.43627
-41.03923
-36.736015
-34.7706
-36.095562
-35.489227
-34.078293
-27.158287
-37.462597
-43.44018
-33.059875
-28.562256
-36.67649
-33.23471
-37.306717
-33.085083
-32.15928
-34.257618
-41.68381
-37.133224
-23.494686
-30.639591
-38.609726
-32.504807
-23.905468
-34.4293
-36.265102
-34.754417
-31.931332
-37.71527
-48.018623
-20.721157
-24.287086
-40.698524
-40.225426
-31.910515
-28.64299
-34.588753
-50.16903
-27.796736
-25.235147
-36.409077
-40.124756
-35.001358
-30.210304
-35.946392
-38.91887
-30.500462
-23.623455
-37.625
-38.673763
-32.467163
-30.826317
-34.207344
-39.181076
-31.400543
-25.239588
-36.885983
-39.964924
-29.842806
-31.571602
-37.82073
-35.876495
-20.850937
-31.829693
-41.15713
-38.945404
-33.470272
-32.408142
-33.177628
-35.73176
-28.621155
-35.284504
-35.139015
-28.944336
-28.10582
-31.99697
-31.315588
-39.24466
-23.477322
-39.481598
-43.683746
-30.381508
-27.655422
-35.972233
-41.66343
-27.45441
-27.800934
-35.874535
-31.204891
-32.16809
-28.641304
-37.938194
-32.789555
-37.05091
-34.488747
-39.299614
-31.283028
-33.638863
-32.696026
-36.389412
-25.188213
-31.766678
-33.384945
-40.51169
-32.92914
-33.215958
-38.212837
-30.79892
-30.193516
-37.769238
-28.54393
-30.63419
-31.364761
-43.023956
-37.91308
-27.786705
-30.899874
-36.31797
-36.764214
-31.26915
-23.905788
-30.72821
-31.65883
-30.83875
-30.305662
-38.633934
-29.410625
-29.570845
-37.26922
-31.559109
-29.649855
-40.39842
-41.079704
-31.113022
-35.016838
-35.92546
-28.74467
-26.47938
-36.3235
-38.522842
-30.439299
-27.403221
-37.25859
-34.0233
-34.707153
-35.273113
-31.73597
-29.825418
-37.72506
-29.712627
-39.039734
-38.82383
-26.325169
-30.538273
-41.122032
-40.91526
-26.423096
-28.496601
-35.69034
-39.31091
-30.153477
-30.313705
-32.35556
-36.740974
-33.96226
-30.612648
-31.885942
-39.392097
-32.15354
-35.3834
-28.661598
-35.9165
-34.02674
-35.977715
-26.688248
-30.18104
-36.02408
-32.322865
-29.163073
-31.25472
-38.586098
-39.505074
-31.210045
-36.27426
-32.417114
-27.091534
-32.840256
-33.71653
-30.332582
-38.44238
-25.275745
-27.850288
-30.416473
-32.846825
-32.85727
-31.99263
-34.03169
-35.687317
-35.093613
-30.589493
-36.829567
-30.08659
-30.979412
-32.34864
-33.867935
-30.486229
-31.631138
-34.07532
-33.43756
-28.125216
-34.958366
-26.252262
-31.464174
-31.707865
-28.971424
-29.182486
-30.493015
-31.313463
-31.050941
-33.91732
-33.745888
-30.858486
-37.140335
-31.646324
-30.780865
-37.017883
-33.039375
-29.590347
-33.434525
-36.729702
-26.416857
-27.750675
-40.09163
-29.498459
-25.429039
-38.05722
-36.59419
-30.916016
-29.728397
-38.73947
-26.628056
-29.36348
-34.854336
-36.31254
-29.246264
-33.28919
-37.934
-27.750084
-31.146284
-36.20424
-35.462635
-31.259434
-31.55615
-42.032074
-30.85552
-28.109821
-28.689737
-36.045578
-35.42601
-25.734459
-37.330353
-37.944168
-27.98811
-30.211601
-37.794548
-36.34223
-26.769463
-30.471289
-36.69815
-34.145794
-24.368752
-34.35723
-33.19884
-27.372179
-35.006813
-42.488335
-33.339844
-23.240131
-33.83909
-43.594727
-37.323586
-21.878738
-32.20768
-36.9869
-25.775757
-33.271946
-42.048637
-33.43522
-30.911934
-30.387999
-34.98127
-33.412178
-33.755127
-29.911957
-31.298061
-31.268414
-27.620598
-33.039577
-41.20453
-21.80095
-29.77884
-40.291576
-43.091217
-30.893661
-25.162464
-36.520493
-30.440746
-28.09972
-33.37977
-34.450066
-33.64046
-30.35779
-30.758373
-31.47575
-39.62546
-33.1894
-22.982296
-36.12043
-44.806396
-34.586716
-21.027542
-30.998219
-43.577995
-33.226273
-28.140163
-34.153473
-42.597515
-36.080326
-28.928877
-27.077698
-41.064934
-39.87411
-22.883343
-26.001835
-45.272144
-43.51425
-36.703873
-29.202053
-34.803947
-44.135063
-26.514992
-26.763004
-37.375763
-37.116966
-34.66458
-29.644201
-34.32444
-41.81614
-39.825687
-29.290148
-21.994276
-46.82175
-36.969597
-27.808191
-23.571686
-41.25628
-45.916203
-27.0921
-26.951477
-31.387667
-37.770573
-23.971136
-30.87341
-30.250914
-31.661417
-31.491209
-30.239004
-30.700804
-39.63105
-37.37498
-26.49103
-32.43422
-46.69003
-27.537922
-8.330477
-28.326143
-42.548676
-40.323524
-26.34499
-25.12446
-35.863403
-37.95862
-36.17478
-21.039791
-32.79464
-34.553253
-28.116594
-27.05567
-31.411629
-33.064713
-32.976685
-28.946922
-24.941456
-36.981956
-38.253204
-30.76339
-32.34823
-30.458618
-42.86544
-28.398712
-29.728447
-40.862625
-38.121037
-26.51203
-28.915924
-34.539135
-36.41558
-30.246084
-28.7369
-36.058735
-34.537937
-30.237268
-27.975937
-45.62348
-31.794182
-27.380117
-20.62438
-52.04927
-39.154564
-13.627232
-26.376118
-41.06191
-34.18479
-32.64025
-29.295918
-30.713589
-38.846767
-33.147476
-28.959518
-29.215843
-31.92594
-39.064217
-30.324541
-24.998432
-30.900513
-32.315872
-29.140812
-33.07711
-33.599472
-31.237364
-33.670593
-33.40912
-31.625044
-33.088585
-37.530144
-29.093025
-29.175272
-26.797348
-39.285477
-42.54235
-39.01718
-20.834856
-28.494595
-37.571426
-31.763432
-22.98661
-35.604263
-37.94107
-35.54032
-33.700443
-27.127419
-36.26462
-30.815006
-29.481506
-33.1691
-28.688297
-25.893246
-28.538658
-33.61587
-29.860493
-30.482628
-33.21788
-31.196512
-32.23322
-32.22666
-27.309183
-29.820786
-30.692837
-32.122055
-26.91116
-33.73111
-28.65036
-28.393915
-45.197475
-24.460648
-23.789606
-38.239532
-35.15087
-34.233833
-28.07982
-34.701054
-36.628532
-27.542645
-29.710953
-29.479637
-34.03705
-26.276152
-33.73638
-37.310303
-24.230255
-25.556925
-37.087334
-34.512123
-30.109905
-25.272408
-34.639038
-42.231834
-30.867495
-23.531214
-35.486626
-37.435066
-32.543526
-26.104137
-33.025486
-38.628967
-30.093199
-25.436077
-35.810417
-29.052988
-27.25795
-26.04985
-31.932264
-36.762547
-32.48839
-31.445072
-23.387959
-36.079197
-33.980522
-35.620216
-26.62784
-32.254257
-36.233875
-29.489843
-26.162035
-33.472992
-38.93901
-41.03539
-19.217302
-26.897282
-40.784523
-39.806076
-24.55497
-25.410585
-39.97223
-36.03711
-27.70529
-26.806381
-38.919395
-26.512547
-26.064621
-32.140602
-39.115204
-29.427124
-24.269043
-38.06462
-39.34565
-21.913486
-32.892097
-41.497486
-39.22628
-26.915916
-26.721022
-39.306236
-31.838139
-22.607555
-32.961185
-37.49274
-30.487999
-27.602154
-33.894875
-38.465927
-32.309044
-32.75943
-24.941236
-39.162033
-32.146225
-22.051294
-30.91668
-43.01217
-24.661617
-18.584496
-31.788902
-43.63877
-35.1513
-25.16087
-31.739555
-36.170746
-33.091503
-25.336475
-26.393532
-32.185596
-37.22136
-25.953302
-26.675085
-35.79512
-38.552505
-26.061481
-27.615973
-41.303085
-43.13748
-22.341747
-22.452606
-40.698532
-45.866695
-30.117031
-22.23093
-39.431778
-40.600716
-32.933044
-20.662134
-27.429287
-42.80265
-43.470314
-20.87113
-23.55854
-37.176178
-33.236168
-37.693493
-28.486328
-22.722286
-46.063984
-40.011185
-23.767662
-21.81312
-35.68988
-45.53408
-23.73957
-24.90343
-35.887497
-32.952843
-20.497364
-31.737965
-34.260193
-27.068794
-29.67469
-28.727314
-26.28112
-32.033333
-27.277447
-33.785698
-29.705002
-25.976408
-31.357271
-37.386383
-23.070751
-28.950092
-30.898256
-33.144974
-37.87297
-35.115395
-30.55401
-23.05735
-30.869003
-31.087753
-28.395897
-33.38833
-30.47731
-37.287956
-24.682697
-28.550774
-33.485855
-39.563686
-22.835045
-22.345173
-32.826218
-44.491974
-22.355455
-22.87362
-35.260468
-45.839226
-27.111187
-26.396954
-31.956917
-32.3068
-25.301504
-25.352402
-30.84305
-31.5554
-29.648338
-30.656776
-24.034801
-37.449448
-31.550869
-19.191605
-28.598866
-33.235313
-27.628235
-28.665306
-27.554663
-23.891912
-26.971636
-33.09228
-30.74531
-26.68367
-29.422832
-33.304092
-28.911392
-27.473503
-28.46995
-30.73012
-30.32843
-34.290836
-25.009256
-24.36087
-32.70242
-28.01202
-26.982328
-30.528507
-30.29557
-32.62307
-34.07846
-28.874083
-23.668716
-34.405
-38.57074
-25.257896
-27.800323
-29.591715
-28.08245
-26.662918
-31.876629
-40.480316
-25.797306
-30.099112
-32.107117
-34.96308
-24.65431
-32.998
-28.869972
-26.68713
-27.390253
-30.240017
-28.597527
-36.19049
-30.752563
-28.92748
-33.446945
-32.6902
-29.200472
-25.485909
-34.44053
-28.277237
-30.528526
-32.827026
-35.047062
-34.426834
-20.589432
-29.965363
-38.50564
-19.718761
-23.613255
-38.03952
-37.77025
-29.2617
-23.586075
-33.961655
-40.752556
-25.303272
-24.5703
-29.968792
-43.35634
-35.31746
-28.735544
-31.59246
-34.761726
-37.94889
-22.013458
-29.320484
-38.267914
-39.547382
-30.136028
-23.776066
-30.680832
-39.67903
-37.22641
-33.086437
-25.845535
-32.845444
-30.929266
-28.066462
-26.753933
-30.751514
-35.9236
-24.422783
-28.349983
-34.510345
-34.721016
-29.248997
-27.10783
-33.76966
-27.349277
-26.576931
-28.786755
-33.34524
-37.65342
-22.222878
-25.990494
-36.459564
-32.012684
-23.65816
-30.658203
-27.242718
-26.982172
-29.535265
-25.495184
-32.30931
-29.362278
-26.015173
-26.323969
-27.589603
-28.502642
-29.41279
-30.816496
-31.067177
-31.41789
-29.539337
-28.824202
-25.344826
-32.053238
-26.929955
-30.19065
-38.51111
-33.21218
-27.53397
-35.15703
-28.344774
-23.661278
-31.40264
-36.17426
-34.139095
-21.418245
-29.76408
-30.976849
-34.120087
-27.08648
-31.894445
-30.519009
-32.81771
-29.019117
-29.722073
-28.47821
-29.87819
-28.9752
-26.058853
-31.285381
-26.874714
-27.619453
-31.094362
-27.434092
-29.135834
-28.416378
-30.63176
-35.248764
-29.05306
-29.96724
-33.598755
-25.57359
-28.888618
-29.77027
-33.818886
-31.081493
-30.094534
-29.227367
-25.203054
-32.3826
-27.97202
-29.61037
-26.492313
-32.28778
-31.188807
-28.714405
-33.605995
-27.364517
-24.904842
-27.03049
-30.53674
-28.971485
-26.75584
-31.1777
-38.340378
-33.285248
-21.900902
-30.493505
-29.489422
-27.826546
-33.257687
-29.945274
-30.588299
-24.309046
-28.049486
-31.047535
-30.408972
-26.134987
-27.29252
-27.609903
-31.791748
-26.679302
-25.17689
-35.364895
-41.62721
-26.458036
-19.222961
-33.178307
-51.031662
-30.168903
-17.787994
-28.194761
-38.139233
-39.713818
-30.825176
-24.828392
-40.938744
-34.535603
-25.016102
-23.867702
-28.618034
-42.019478
-41.64331
-19.740894
-21.510702
-35.15427
-41.7345
-30.337418
-19.940834
-29.498116
-41.670116
-33.381817
-19.432472
-24.999168
-32.906868
-39.185326
-21.752659
-25.611942
-25.709484
-33.044655
-34.52581
-24.535324
-24.135563
-37.146526
-28.793766
-24.101072
-25.119976
-36.59761
-38.524162
-18.248337
-25.3627
-38.649372
-26.397463
-25.989635
-25.040194
-32.05336
-34.3858
-29.29883
-29.194698
-32.715935
-31.662037
-29.191498
-26.730415
-33.892082
-31.844866
-22.595343
-28.873192
-35.333298
-29.321724
-31.38993
-27.214445
-29.934254
-29.778809
-29.812307
-24.398918
-29.114256
-30.578495
-27.507164
-30.025507
-23.8872
-28.341715
-27.418737
-27.858627
-30.849915
-28.736519
-25.61419
-26.393536
-31.420742
-28.291393
-28.617704
-24.557892
-28.644974
-30.559288
-28.876617
-28.97081
-29.109587
